8
   0.87085   4.26588
   0.87085   3.89710
   0.87085   3.48097
   0.87085   3.07302
   0.87085   2.68804
   0.87085   2.32975
   0.87085   1.99963
   0.87085   1.69816
10 
   0.84776   4.05324
   0.84776   3.75964
   0.84776   3.43309
   0.84776   3.11056
   0.84776   2.80164
   0.84776   2.50883
   0.84776   2.23319
   0.84776   1.97522
   0.84776   1.73509
   0.84776   1.51278
12
   0.81074   3.93864
   0.81113   3.72024
   0.81113   3.50000
   0.81113   3.25602
   0.81113   3.01305
   0.81113   2.77736
   0.81113   2.55059
   0.81113   2.33352
   0.81113   2.12655
   0.81113   1.92991
   0.81113   1.74369
   0.81113   1.56794
15
   0.76085   3.67607
   0.76484   3.52136
   0.76768   3.36411
   0.76920   3.20359
   0.76920   3.02527
   0.76920   2.84625
   0.76920   2.67073
   0.76920   2.49984
   0.76920   2.33412
   0.76920   2.17389
   0.76920   2.01933
   0.76920   1.87057
   0.76920   1.72769
   0.76920   1.59076
   0.76920   1.45963
18
   0.70595   3.22304
   0.71167   3.11546
   0.71644   3.00486
   0.72011   2.89061
   0.72143   2.76296
   0.72161   2.63387
   0.72161   2.50620
   0.72161   2.38070
   0.72161   2.25776
   0.72161   2.13758
   0.72161   2.02032
   0.72161   1.90608
   0.72161   1.79492
   0.72161   1.68691
   0.72161   1.58197
   0.72161   1.48003
   0.72161   1.38113
   0.72161   1.28533
20
   0.64846   2.82992
   0.65534   2.75557
   0.66143   2.67821
   0.66662   2.59732
   0.67000   2.50614
   0.67251   2.41331
   0.67438   2.32083
   0.67557   2.22923
   0.67613   2.13877
   0.67613   2.04960
   0.67613   1.96183
   0.67613   1.87553
   0.67613   1.79075
   0.67613   1.70755
   0.67613   1.62585
   0.67613   1.54560
   0.67613   1.46683
   0.67613   1.38958
   0.67613   1.31389
   0.67613   1.23980